ENVI ASCII Plot File [Sun Dec 01 16:07:57 2019]
Column 1: MNF Band Number
Column 2: MNF (ACRU)~~1
Column 3: MNF (LIST)~~2
Column 4: MNF (OTHER)~~3
Column 5: MNF (PIEL)~~4
Column 6: MNF (PIPA)~~5
Column 7: MNF (PITA)~~6
Column 8: MNF (QUGE)~~7
Column 9: MNF (QULA)~~8
Column 10: MNF (QUNI)~~9
    1.000000  -15.656729  -29.726181  -16.878791  -17.494006   -3.469926   -8.772036    1.841388    8.465010  -20.020578
    2.000000  -17.069767  -20.829339  -12.316147   -7.416728    3.745505   -1.982347   -6.345842    3.606964  -19.539118
    3.000000    0.022848   -0.927205    3.608874    8.636301   10.988162    6.193040    4.366244    5.676608    2.478982
    4.000000   16.924995   12.619728   10.539795   11.553605    6.465759   10.936508    0.773397    8.085485   18.870075
    5.000000   10.184915    1.534110    6.268113    7.000648    2.893648    8.771856    5.514077    1.334142   12.808854
    6.000000   -4.948748   -3.465318   -1.267345    2.702371   -1.426057   -0.967001   -7.079055   -5.019579    2.098988
    7.000000    2.925424    7.796023    2.562080    5.374206   -1.957714    2.774729   -2.051108   -2.750258    5.145275
    8.000000    4.266192    3.658789    1.053804    0.455012    2.013172    3.991554    3.714135    1.547521   -3.125769
    9.000000  -30.668997  -29.395429  -19.006502  -22.706272  -15.614292  -19.555964  -13.997027  -15.617602  -25.171824
   10.000000  -10.283105   -9.915792   -5.499392   -9.158650   -8.266487   -9.068856   -7.218907   -6.572665   -9.961439
   11.000000    3.642126    0.609971    2.849655    2.248413    0.616439    1.928881    3.717717    2.890023    3.612171
   12.000000  -19.475197  -12.011532   -6.010062  -10.549080   -9.163605  -11.260910   -7.053911  -10.278365  -10.005595
   13.000000   10.613316   12.801234    6.929032    6.130996    4.446058    3.681143    2.734563    5.578250    6.756889
   14.000000  -16.386288  -10.054666   -5.231150  -12.169989  -10.174955  -11.264454   -6.073664   -9.134337  -11.509484
   15.000000    2.250478    0.735181    2.009887    2.173225    6.682017    3.518530    3.167361    6.418096   -0.170533
   16.000000   -9.133722   -4.231879   -3.801687  -10.059865   -6.360844   -9.359133   -3.697194   -4.441647   -8.169796
   17.000000  -34.772045  -24.585263  -17.793500  -29.952701  -25.185561  -27.879151  -18.509696  -30.430474  -25.498781
   18.000000   -5.078992   -3.947837   -1.551611   -5.071801   -5.232071   -5.294585   -2.349617   -6.826256   -5.120753
   19.000000   -4.573766   -4.600127   -6.051043   -3.591023   -1.866919   -4.197814   -5.077015   -6.188510   -2.594071
   20.000000   -2.667401   -1.171727   -1.695716   -1.040536   -3.926877   -1.356812   -0.814780   -5.658956   -1.095307
   21.000000    0.762110    6.922225    1.247808    0.297076   -3.800852   -2.604098   -2.126109   -1.902102    2.291125
   22.000000   -7.256477   -1.913036   -2.634236   -0.793109   -2.681075   -3.584696   -4.688323   -4.464978   -1.451078
   23.000000  -10.694208  -11.160043   -7.198882  -10.607178   -8.781757   -9.292182   -6.626580   -6.076758  -10.135070
   24.000000    4.081656    1.538591    1.983928    0.504326    1.645561    2.333942    2.178525    0.502753    3.314963
   25.000000    2.328719   -1.442893   -0.066560    1.649921    1.225573    2.887632    1.118988    0.284146    1.393243
   26.000000    0.943358    0.208484    1.204741    0.113531    1.599713    0.970812    1.510536    2.967988   -0.085383
   27.000000   -3.489540   -0.301619   -3.996517   -3.599825   -4.495241   -4.379564   -4.320182   -4.523180   -1.670556
   28.000000   -0.825208    0.536694    0.508061    0.195831   -0.337038   -0.351085   -0.659182    0.709961   -0.965415
   29.000000   -1.501610   -1.809971   -2.320542   -1.393853   -0.393588   -0.805865   -0.821690    0.693877   -2.618018
   30.000000   -3.990343   -3.518583   -2.918878   -3.913614   -2.840169   -3.281273   -1.752955   -2.853441   -3.819409
   31.000000   -1.276941    0.843092    2.885595    0.369803    0.055764   -0.060666    0.940049    0.397693    0.351512
   32.000000   -4.945833   -4.103705   -1.247816   -4.299511   -2.764297   -3.194723   -1.835098   -3.684700   -4.056565
   33.000000    4.605805    2.362935    2.798286    2.824889    3.006065    3.406454    2.843555    3.374861    2.782653
   34.000000    2.953305    1.025613   -1.460028    2.450446    0.379835    1.120040   -0.778230    0.982269    1.855130
   35.000000    1.767571    2.652382    1.285071    1.216525    0.529684    1.316166    1.012574    0.559799    2.192793
   36.000000    1.525439    0.421720    1.435763    0.731416    1.136478    1.771847    1.311982    0.466911    1.401506
   37.000000   -7.069665   -5.527989   -0.813671   -5.848322   -3.391719   -3.666403   -1.367427   -4.639095   -4.298046
   38.000000    0.848032    1.003202   -0.076717    0.612272   -0.074276    0.444037   -0.115722    0.001309    0.195618
   39.000000    4.724032    4.275769    0.401494    3.663999    1.534387    1.681101    0.497587    1.931667    4.069011
   40.000000   -5.938282   -3.783857   -0.624773   -4.679676   -2.921743   -3.860370   -1.835367   -2.696045   -4.892258
   41.000000   -1.937521    0.432778    2.723665   -1.389455   -0.529162   -0.461380    0.788118   -0.745364   -0.758104
   42.000000   -6.605022   -2.894861   -1.347399   -3.488847   -2.935091   -3.464783   -2.589138   -3.644164   -3.472083
   43.000000   -2.242995   -4.279578   -4.333715   -3.062086   -2.728884   -3.011651   -2.080075   -3.325597   -2.919204
   44.000000    1.426519    2.071205    1.540391    0.598365    0.461619    1.052623    0.490934    0.297003    1.793598
   45.000000    3.235735    1.358808    0.328796    1.111659    0.665430    1.298360    1.049072    0.895550    1.541436
   46.000000   -0.244980   -1.100448   -0.829596   -0.176605    0.510232    0.075245   -0.163645    0.787088   -0.424236
   47.000000   -2.495073   -1.198567   -0.890198   -1.446259   -1.480052   -1.662415   -0.922739   -1.293797   -1.079247
   48.000000    0.687401    0.922859    1.646724    1.335260    1.718889    2.027903    1.558644    1.871631    1.058576
   49.000000    5.519561    4.386428    0.731800    3.949636    2.777808    3.432907    1.686699    3.360620    4.341657
   50.000000   -0.143926   -0.498666   -1.254749   -0.311810    0.576629    0.240550    0.097331    0.771461   -0.711890
   51.000000    1.000200    1.570640    1.939777    1.142166    1.318828    1.251431    1.488571    1.808283    0.391341
   52.000000    1.196279    2.008269    0.709244    1.306727    0.707484    1.275101    0.367813    0.607383    1.070690
   53.000000    2.993398    1.613835    0.634997    2.535172    2.191242    2.263707    1.607216    2.814215    1.839709
   54.000000    3.117658    1.909174    1.474007    2.660158    2.078027    2.456725    1.570519    2.411829    2.511180
   55.000000   -8.942861   -6.702001   -5.755415   -6.688504   -6.133065   -6.522017   -5.334404   -6.819619   -6.496154
   56.000000    3.496239    2.175086    1.509231    3.093389    2.263961    2.296172    0.971094    2.389646    1.420424
   57.000000   -3.456654   -1.312946    1.331541   -1.750121   -1.169960   -1.195286   -0.196648   -1.101153   -1.842593
   58.000000   -3.715824   -3.804718   -3.596506   -4.806413   -3.887362   -4.195813   -2.853941   -4.093535   -4.024730
   59.000000   -2.155299   -2.766622   -2.332739   -2.951247   -2.453547   -2.346907   -2.222354   -2.800841   -2.438368
   60.000000   -4.065795   -1.778003    0.806298   -2.396680   -1.946719   -1.971472   -0.730519   -3.213252   -1.358057
   61.000000   -2.991026   -3.602826   -4.364422   -2.470694   -1.932715   -2.001132   -2.504880   -1.597545   -3.331916
   62.000000    2.295945    1.253321    0.894784    2.518442    1.701914    2.314882    0.703842    1.822970    1.837771
   63.000000    1.102504   -0.146299   -1.376967    0.493181    0.274576    0.710724   -0.333204    0.426073    0.408400
   64.000000    3.404572    2.931622    3.116351    2.628541    2.224557    2.322569    2.088434    2.905123    2.481025
   65.000000   -3.651785   -2.266189   -1.662134   -2.921253   -1.994011   -2.218849   -2.013264   -2.711799   -2.255428
   66.000000   -1.794426   -1.149265   -2.598965   -0.945610   -1.149038   -1.468486   -1.541958   -1.313326   -1.099542
   67.000000    1.075453    0.567684    0.572465    0.779078    0.914112    0.895845    0.580387    1.451026    0.432184
   68.000000   -2.476630   -2.886502   -2.749190   -2.102704   -2.602254   -2.917214   -2.198968   -2.767411   -1.426166
   69.000000   -5.448651   -3.389914   -2.038900   -4.449135   -3.673917   -4.092393   -2.438980   -3.946665   -4.034626
   70.000000    1.847985    3.917037    0.919814    2.042217    1.376775    1.702404    0.785803    1.036277    2.349968
   71.000000    1.475532    2.712559    3.059864    1.729452    2.262938    2.459915    2.250523    1.803320    1.890057
   72.000000    0.183806    0.892147    1.365567   -0.012868    0.067959    0.248102    0.844409    0.257618    1.067605
   73.000000    5.550042    5.390253    4.419845    5.106785    4.027765    4.512304    3.688040    4.546198    4.930580
   74.000000    1.674369    0.250939   -0.956296    0.571647    0.786447    0.287915   -0.034077    1.292089    0.025738
   75.000000    5.123473    3.245382    0.834564    4.424989    3.481795    3.416644    2.216986    4.646821    3.091193
   76.000000   -2.562474   -1.415727    0.109746   -1.578543   -0.772506   -1.631211   -0.364754   -0.664718   -1.742116
   77.000000    1.031604    1.579423    2.482133    0.666924    1.251071    1.396439    1.517149    1.041329    1.294185
   78.000000    1.630695   -1.482499   -4.313642   -0.267782   -0.948478   -0.845788   -1.687643   -0.864194   -0.834082
   79.000000    2.654206    1.229715    1.732701    1.310140    1.496715    1.734958    1.476831    0.901198    2.206561
   80.000000   -1.335621   -2.457949   -4.413262   -1.585198   -2.533006   -2.136634   -2.934870   -2.722250   -1.528867
   81.000000    2.691909    1.374928   -1.793531    1.682976    0.985262    1.031895   -0.866644    1.495151    1.326014
   82.000000    1.660168    1.714431    1.850896    1.756667    2.094098    2.200580    1.700297    1.752200    1.477506
   83.000000    3.847619    1.974068   -1.009230    2.487858    1.229324    1.547940    0.033949    1.996657    1.918986
   84.000000   -5.212130   -2.217247    1.279430   -3.174169   -1.870258   -2.550730   -0.606765   -2.623636   -2.653957
   85.000000    2.662987    1.539305    1.858601    2.220940    1.904811    1.962049    2.186435    2.320831    2.042815
   86.000000   -1.621602   -0.837006    0.927524   -1.420397   -0.758499   -0.890674    0.302992   -0.588220   -0.780250
   87.000000    0.273287    0.674448    0.722745    0.436587    0.465681    0.424919    0.892363    0.489538    0.009177
   88.000000   -1.764080   -1.741954   -3.214230   -1.470988   -1.774440   -2.408737   -2.439695   -2.165738   -1.759759
   89.000000   -0.219535    0.782242    0.358758    0.222995   -0.112012   -0.012705    0.029160    0.133879   -0.318601
   90.000000   -0.261950    0.943019    1.202048    0.163521    0.394069    0.497445    0.830945    0.191752    0.242636
   91.000000    2.252831    1.700668    0.075008    1.757479    1.447978    1.814147    1.048825    1.697099    1.866709
   92.000000   -5.951081   -4.206312   -0.946609   -4.229990   -2.851846   -3.018104   -1.551789   -3.720479   -4.264794
   93.000000   -0.718617   -1.512479   -0.177171   -0.917662   -0.611948   -0.574515   -0.271254   -0.989760   -0.954406
   94.000000   -1.643985   -0.712979    1.609204   -0.556769    0.520347    0.418072    1.045462    0.173465   -1.037962
   95.000000    0.657194   -0.615098   -1.201059    0.578456    0.305405    0.914966   -0.173189    0.795263   -0.212876
   96.000000   -4.077881   -3.166037   -1.064327   -2.964672   -2.165436   -2.679133   -1.655478   -3.110246   -2.595697
   97.000000    2.541575    2.027259    1.495654    2.787992    2.814278    2.703349    1.688505    3.058487    2.669055
   98.000000   -0.731612   -1.445141   -0.102383   -1.316312   -0.725886   -0.786536    0.167033   -0.652528   -1.122129
   99.000000    1.151048    0.281167   -3.276888    0.007744   -0.937692   -0.883380   -1.865351   -0.377455   -0.467262
  100.000000   -3.543839   -2.640469   -1.846121   -3.073682   -2.584391   -2.923366   -2.097282   -3.063301   -2.768196
  101.000000   -7.105793   -5.421986   -2.257046   -5.424570   -4.489299   -4.965361   -2.735253   -4.842165   -4.982335
  102.000000   -0.582425    0.852803    2.996493   -0.548895   -0.041634    0.109211    1.440978   -0.036733    0.728616
  103.000000   -0.128337   -0.601245   -0.398030   -0.370147   -0.363560   -0.326561    0.004600   -0.315925   -0.552848
  104.000000    2.311841    2.338190    2.342398    1.778862    1.961047    1.580088    1.907194    2.193010    2.286991
  105.000000   -3.115001   -1.506029    0.600035   -1.793681   -0.944354   -1.337744   -0.081764   -1.623548   -1.516852
  106.000000   -1.084591   -1.123555   -2.294245   -0.768706   -1.347993   -1.516856   -1.771038   -1.928664   -0.526024
  107.000000   -0.047896    0.768154    1.279151    0.233548    0.849654    0.779544    1.069185    1.249498    0.152977
  108.000000   -6.088199   -4.066999   -2.637127   -4.722348   -4.063392   -4.381514   -2.927090   -5.005990   -3.876960
  109.000000   -0.280973   -0.303952    0.360528   -0.468043   -0.079277   -0.229698    0.557904    0.287788   -0.848229
  110.000000    1.205402    0.420959    0.559249    0.953731    0.466849    0.760822    0.215118    0.318946    0.796976
  111.000000   -0.269069    0.602039    0.502922   -0.072012   -0.036701    0.294376    0.418462   -0.079059   -0.223760
  112.000000    1.457303    1.743514    1.949632    0.835550    0.805563    0.986620    1.016397    0.657753    1.401057
  113.000000   -1.320395   -1.566785   -3.015863   -1.489524   -1.895896   -2.161655   -2.253932   -1.989606   -1.795387
  114.000000    1.937729    0.832168    0.118831    1.532651    0.948609    1.031850    0.506873    1.112100    1.322750
  115.000000   -0.201140    0.290204   -0.131889   -0.461766   -1.022020   -0.760139   -0.509779   -0.581260   -0.321969
  116.000000    0.003788    0.186220   -0.557980    0.883036    0.218626    0.639797   -0.542505    0.667780    0.273037
  117.000000   -0.773360   -1.248758   -1.260477   -0.996078   -1.028507   -1.241575   -1.348838   -1.235324   -1.257445
  118.000000    1.669537    1.257208    0.151568    1.433589    1.282060    1.065117    0.883796    1.349789    1.124157
  119.000000    0.968034    1.207600    1.933108    1.125482    1.048440    1.320192    1.173862    0.744217    1.461876
  120.000000    0.757380    0.697151    0.575055    0.801154    0.895113    0.904450    0.551022    0.987685    0.726882
  121.000000   -2.417167   -2.533990   -3.871268   -3.024692   -2.653752   -3.417897   -2.926663   -2.489765   -2.584762
  122.000000    5.418367    4.033514    0.912251    4.522434    3.231524    4.005409    1.649901    3.746272    3.960669
  123.000000   -0.976712   -0.538214    0.769518   -0.872798   -0.396670   -0.372461   -0.007779   -1.102151   -0.490161
  124.000000    1.019183    1.586761    1.471813    1.076330    1.113452    1.075298    1.187821    1.131666    1.565218
  125.000000   -0.330991   -0.504541   -0.807066   -0.256873   -0.582700   -0.632088   -0.498031   -0.840840   -0.703045
  126.000000    0.895773    0.564788    0.291619    0.388332   -0.389121    0.065609    0.018605   -0.499142    0.650398
  127.000000    0.291011    0.172752   -0.124150    0.130475    0.143152   -0.042367   -0.301089    0.279397    0.480399
  128.000000   -0.171716   -0.133335   -0.526460    0.226332    0.045310   -0.501176   -0.167466    0.052084    0.299413
  129.000000    2.756638    2.335742    1.284780    1.960163    1.707760    2.028949    1.827797    2.304214    1.474617
  130.000000    0.123176    0.985293    1.336612   -0.204311    0.492231    0.666602    0.976454    0.444035    0.234128
  131.000000    0.608294   -1.157849   -3.102944    0.198056   -0.037283   -0.765395   -1.479326    0.753348   -0.517603
  132.000000    1.627591    1.367641    0.078524    0.881056    0.508547    0.384893    0.122048    0.273101    1.235468
  133.000000   -3.348010   -3.068800   -3.066073   -2.350381   -2.019496   -2.617660   -1.783787   -2.192315   -2.502941
  134.000000    0.401772    0.859683    1.508927    1.104170    1.098564    0.741447    1.288724    1.069533    0.870891
  135.000000   -3.089583   -2.736188   -1.054123   -2.508023   -2.016336   -2.523381   -1.328365   -2.157902   -2.487894
  136.000000    3.493875    2.777516    2.032700    2.627104    1.769311    2.379991    1.569747    2.772605    2.457648
  137.000000   -0.870701   -1.425043   -0.862288   -0.612188   -0.305440   -0.862615   -1.048515   -0.384328   -1.110676
  138.000000   -1.910406   -0.690696    1.021686   -1.235447   -1.036072   -0.822580    0.005316   -1.346602   -0.738618
  139.000000    4.013763    3.504984    2.005171    2.841113    1.806085    2.609525    1.629923    1.424215    3.019564
  140.000000   -2.329048   -2.316732   -3.355397   -2.194648   -2.170011   -2.550866   -2.702310   -2.172486   -2.496529
  141.000000   -0.137809    0.099561   -0.905709    0.062275   -0.185568   -0.406948   -0.635919    0.212147   -0.030393
  142.000000    0.573407    0.096320    0.522281    0.886250    1.064284    0.962401    0.846789    0.664944    0.495873
  143.000000   -2.128972   -1.811156   -0.848291   -1.860826   -1.637255   -1.455865   -0.978902   -1.740918   -2.038245
  144.000000   -0.304124    0.599963    1.984094   -0.094094    0.275970    0.283017    0.879257    0.275509    0.474003
  145.000000   -5.111566   -3.108271   -0.792435   -3.943616   -3.204236   -3.377466   -1.762528   -3.415857   -3.760073
  146.000000    0.449611   -0.099651   -0.304595   -0.402383   -0.376985   -0.243767   -0.420389   -0.193688   -0.583245
  147.000000    0.360600   -0.226916   -1.453611    0.679595    0.104690    0.194323   -0.831363    0.465323   -0.091596
  148.000000    1.567626    1.692380    1.494995    2.063964    1.823651    1.853177    1.895171    2.051863    1.706512
  149.000000    5.952080    3.714341    0.734986    5.204698    4.320010    4.049005    1.834083    5.362209    4.142696
  150.000000   -1.966616   -1.847776   -1.896020   -1.445420   -1.324233   -1.504594   -1.191758   -1.359373   -1.413033
  151.000000   -0.102562   -0.695835   -1.552669   -0.246697   -0.585810   -0.595528   -0.894055   -0.783462   -0.379679
  152.000000    1.174870    1.696569    4.382138    1.703096    1.921615    2.221987    2.886378    1.873543    1.771946
  153.000000   -0.434624    0.866197    0.116203    0.074706   -0.041245    0.011416    0.071304    0.074015   -0.273478
  154.000000   -0.300829    0.673982    0.988726    0.289731    0.408889    0.553190    0.715623    0.101466    0.284623
  155.000000    0.538966    0.869078    1.746590    0.334977    0.655674    0.602981    0.890461    0.732381    0.950412
  156.000000   -2.246439   -1.701173   -2.226893   -1.696705   -1.534961   -1.680727   -1.835249   -1.705190   -2.058167
  157.000000   -2.426157   -0.908255   -0.347663   -1.238637   -0.849199   -1.623815   -0.684208   -1.086918   -1.345824
  158.000000    2.412746    0.712062   -0.144920    1.636797    1.176830    1.319243    0.343251    1.264868    1.107762
  159.000000   -2.122606   -1.441117   -0.459534   -1.952770   -1.386184   -1.628056   -0.817005   -1.639183   -1.749840
  160.000000    0.846047    2.682639    3.748148    1.473692    0.952172    1.426986    2.155955    0.933259    1.981767
  161.000000   -2.005645   -1.055603   -0.971686   -1.649760   -1.857524   -2.071538   -1.673437   -1.906495   -1.776068
  162.000000   -2.752523   -2.706042   -2.371970   -2.286254   -2.004149   -2.265461   -1.636787   -1.856304   -2.415687
  163.000000   -0.532302   -0.364197    0.180253   -0.233661   -0.114295   -0.111398   -0.131460   -0.068269   -0.378265
  164.000000    0.338708    1.130870    0.134983    0.712983    0.347502    0.015637   -0.054773    0.605572    0.555557
  165.000000    2.227923    1.253650    2.241604    1.182093    1.586324    2.166290    2.430217    1.389181    1.510652
  166.000000   -3.128466   -1.857198   -1.224847   -1.962620   -2.020881   -1.921122   -1.597448   -2.507030   -2.177061
  167.000000   -0.504839   -0.734440    0.037572   -0.668270   -0.038282   -0.435146    0.139619    0.216204   -0.637950
  168.000000    2.366773    1.616754    2.781380    2.099161    2.645542    2.510345    2.900767    2.838233    1.586256
  169.000000   -0.017509    0.256094   -0.534987   -0.299665   -0.689012   -0.678019   -0.220360   -0.350260    0.110669
  170.000000    0.988528    1.005579    0.205782    0.490465    0.220859    0.133846   -0.000661    0.293876    1.023039
  171.000000   -2.099921   -2.385677   -1.804564   -2.292384   -1.988340   -1.992842   -1.863900   -2.122375   -1.445738
  172.000000    0.041210    0.510286    0.392226    0.312571   -0.038870   -0.009107    0.027313    0.003872    0.182720
  173.000000   -0.894979   -1.645769   -2.882758   -1.346580   -1.120089   -1.576955   -1.508408   -0.703867   -1.231727
  174.000000    5.286928    3.079410   -1.169579    3.542159    2.242115    2.250839    0.542621    2.838966    2.979424
  175.000000   -1.352263   -0.043398    1.388762   -0.685839   -0.428428   -0.215658    0.299161   -0.398780   -0.605952
  176.000000   -0.476421    0.408459    0.830885   -0.665520   -0.314799   -0.615319    0.531769   -0.450161    0.038649
  177.000000   -1.374986   -0.062635    2.490786   -0.090394    0.843331    0.631510    1.860390    0.676585   -0.321424
  178.000000    0.907843   -0.432334   -2.685108    0.048206   -0.723202   -0.408336   -1.621942   -0.209340    0.014848
  179.000000   -2.145055   -1.039883    0.274780   -1.154225   -0.592978   -0.692049   -0.044530   -0.966363   -0.736720
  180.000000    1.181930   -0.749361   -2.006324    0.490321    0.288864    0.266512   -0.284062    0.638278    0.207319
  181.000000   -0.706725   -1.010515   -1.333408   -0.963288   -0.965409   -1.279269   -1.412485   -0.848999   -0.805520
  182.000000   -1.486067   -1.080942    0.325688   -0.889871   -0.620200   -1.144054   -0.103456   -0.703765   -1.164506
  183.000000    3.491786    1.912818   -0.014293    2.445715    1.887099    1.976633    0.783543    1.890414    2.224800
  184.000000   -0.002848   -0.930843   -2.471788   -0.628824   -0.872587   -1.081545   -1.379780   -0.467398   -0.801241
  185.000000    1.489191    0.770343   -1.933162    0.977682    0.209395   -0.084815   -0.801573    1.027120    0.448048
  186.000000    0.943233    0.809447   -0.001027    0.540768    0.504573    0.942581    0.450841    0.250340    0.739440
  187.000000   -1.776102   -0.466584   -0.427848   -1.015861   -0.880530   -1.127795   -0.989272   -1.051295   -1.133015
  188.000000    0.493104    0.525432    1.711727    0.611982    1.118133    1.095848    1.298205    1.582333    0.392767
  189.000000   -1.444659   -1.097594    0.072648   -1.087875   -0.730004   -0.979753   -0.368459   -0.778765   -0.967195
  190.000000   -1.078092   -0.325565   -1.355162   -1.216418   -0.986602   -1.476880   -0.882617   -0.729376   -0.892824
  191.000000   -1.637042   -1.839653   -0.703094   -0.572912   -0.466517   -0.593211   -0.265799   -0.198371   -1.142854
  192.000000    1.768042    0.963772    1.927036    1.583888    1.857210    1.798235    1.705515    2.020633    1.375007
  193.000000   -0.273914    0.450060    1.296017   -0.865040   -0.381982   -0.477638   -0.005098   -0.381570   -0.580788
  194.000000   -1.232374   -1.801908   -1.297780   -1.132761   -1.368401   -1.345827   -1.175889   -1.397357   -1.020301
  195.000000   -0.970625   -0.633898   -1.097519   -0.665232   -0.670388   -0.944131   -0.670308   -0.486027   -0.689686
  196.000000   -5.990611   -4.386805   -1.004620   -4.679913   -2.969299   -4.082765   -1.418405   -2.982414   -4.406050
  197.000000    0.626280    0.484741    3.129244    0.635216    1.697805    1.672073    2.283987    1.467441    0.902229
  198.000000    3.114770    3.973435    2.646166    3.150464    2.635603    3.228445    2.330155    2.467896    3.257584
  199.000000    1.043896    0.294669   -1.639559    1.048369    0.333264    0.558392   -0.473994    0.412093    0.407124
  200.000000    0.347167   -0.263388   -1.460446    0.392757   -0.007548   -0.370472   -0.757657    0.468085   -0.008883
  201.000000   -2.758266   -0.772477    1.896619   -1.825815   -1.044140   -1.328711    0.393231   -1.620620   -1.305033
  202.000000   -2.112957   -0.768806    1.697618   -1.571759   -1.031743   -1.229645    0.320498   -1.186740   -0.974416
  203.000000    2.258523    1.249362   -0.992454    1.873132    0.894270    1.359252   -0.034635    0.840254    1.932684
  204.000000    0.046081   -0.622122   -0.583748   -0.636741   -0.234765   -0.777400   -0.372366   -0.271427   -0.296999
  205.000000    0.415392    0.265236    0.603027    0.370524    0.080283    0.601885    0.496674    0.126738    0.022609
  206.000000   -0.588641    0.766629    1.474030    0.366624    0.238661    0.547076    0.502494    0.088659    0.362779
  207.000000   -1.286334   -2.348100   -2.801620   -1.614885   -1.688986   -1.736503   -1.921207   -1.700359   -1.583891
  208.000000    4.175226    3.553880    3.193751    4.144917    4.082916    4.363202    3.621124    4.522827    3.589859
  209.000000   -0.472012    0.537939    2.562474    0.108095    0.188018    0.426617    1.350431    0.117539    0.639803
  210.000000   -3.009503   -3.750312   -5.531696   -2.992542   -3.296290   -3.400280   -3.757827   -3.287967   -3.320822
  211.000000   -0.906647    0.673484    2.363992   -0.301777    0.020916    0.031136    1.089941   -0.245063    0.034861
  212.000000   -0.134749   -0.048624   -0.184003    0.417550   -0.011346    0.038976   -0.163936    0.097560    0.493367
  213.000000    3.047772    2.369375    2.776289    2.353795    2.060423    2.306342    1.857396    2.210327    2.380108
  214.000000   -3.181264   -1.195530    1.139766   -1.588311   -1.072077   -1.072874    0.004287   -1.683450   -1.415428
  215.000000   -2.069284   -1.443798   -1.190161   -1.565798   -1.310805   -1.175669   -0.967684   -1.432381   -1.815233
  216.000000   -0.785306   -0.460386   -1.538604   -0.435136   -1.162951   -0.900796   -1.088888   -0.856723   -0.569393
  217.000000    3.624956    2.995184    1.260092    2.788463    2.214623    2.596131    2.024863    2.626578    2.757011
  218.000000   -0.468112   -0.586278   -1.032943   -0.033020   -0.297652    0.104213   -0.157367   -0.018613   -0.069367
  219.000000   -1.205935   -1.348017   -2.194699   -1.463027   -1.758012   -1.671237   -1.753721   -1.775198   -1.405728
  220.000000   -1.403221   -0.804695    1.452872   -0.807735   -0.392191   -0.303931    0.253568   -0.581053   -0.760128
  221.000000    2.149250    1.826674    0.983705    1.597357    0.951158    1.628992    0.950865    0.945020    1.345162
  222.000000   -0.821798   -1.991016   -2.880856   -1.198936   -1.187954   -1.180454   -1.819604   -1.391841   -1.364360
  223.000000   -3.501184   -2.497519   -1.638667   -2.757996   -2.317634   -2.550447   -1.549787   -2.508107   -2.212454
  224.000000    0.691475   -0.471868   -1.720485   -0.018569   -0.639976   -0.584086   -0.849078    0.060984   -0.151307
  225.000000   -0.741663   -0.453521    0.258935   -0.453060   -0.459011   -0.492668    0.014902   -0.642865   -0.458941
  226.000000    2.349459    1.658789    0.937704    1.322239    1.515353    1.499219    1.076231    1.505855    1.475009
  227.000000    2.101297    1.370597    0.486570    1.977105    1.695223    1.496731    0.794361    2.130427    1.704942
  228.000000    0.123485   -0.738949   -2.109874   -0.110421   -0.312570   -0.287633   -1.116814    0.229150   -0.850931
  229.000000    0.945325    0.407051    0.191003    1.285316    1.247297    1.485626    1.027220    1.153919    0.662395
  230.000000   -0.469653   -0.033708   -0.245116   -0.556073   -0.737044   -0.583804   -0.723268   -1.112417   -0.146414
  231.000000   -0.118459    1.246990    2.271474    0.260496    0.696357    0.886292    1.085187    0.630113    0.324364
  232.000000   -0.954708   -0.421010   -0.627573   -0.346766   -0.336133   -0.449890   -0.165182   -0.647936   -0.650936
  233.000000   -2.532799   -1.619518    0.563855   -1.589882   -0.889407   -1.307501   -0.297165   -1.223662   -1.626577
  234.000000   -0.193140   -0.390707   -1.252956   -0.473135   -0.523578   -0.822113   -0.820357   -0.109778   -0.636014
  235.000000    0.586377    0.439415    1.933750    0.662722    1.043562    1.303564    1.696570    0.944897    0.544076
  236.000000   -0.856709   -2.201675   -4.516967   -1.547869   -2.115521   -2.180634   -2.560631   -2.267269   -1.859924
  237.000000   -1.231649   -0.527113    1.207390   -0.860584   -0.425828   -0.558672    0.230087   -0.620425   -0.934146
  238.000000    0.959864   -0.033416    0.151469    1.024461    1.072333    1.078523    0.703590    1.160163    0.757299
  239.000000    2.445003    2.849986    3.055888    2.223030    2.044877    2.269995    2.315712    2.089307    2.559545
  240.000000   -3.607850   -2.355025   -0.439903   -3.538732   -2.850489   -2.687223   -1.348812   -3.496616   -2.647870
  241.000000    1.764191    1.185535    1.023288    1.530741    1.151578    1.245711    0.928193    0.822255    1.642555
  242.000000    1.287995    0.835544   -0.025478    1.156484    0.387764    0.885427    0.094980    0.324270    0.950709
  243.000000   -1.785211   -1.665069   -2.066713   -1.380068   -1.469508   -1.614407   -1.669773   -1.448943   -1.322748
  244.000000   -2.144793   -2.034264   -0.496205   -1.724871   -0.671920   -0.795287   -0.222877   -1.154018   -1.369606
  245.000000    0.236649   -1.072786   -2.195959    0.171067   -0.314700   -0.414551   -0.977885   -0.209754   -0.504675
  246.000000   -0.141446    0.048585   -0.181298   -0.387466   -0.164363   -0.082673   -0.350990    0.119285   -0.473170
  247.000000   -0.133472   -0.851608   -0.705514   -0.853914   -0.591648   -0.520848   -0.487826   -0.294430   -0.580091
  248.000000   -0.348196   -0.938641   -1.811849   -0.247439   -0.171505   -0.122485   -0.841258   -0.210256   -0.795815
  249.000000    3.858861    2.359821    2.238033    2.567004    2.335962    2.843433    1.920796    2.576219    2.670808
  250.000000   -0.545898   -1.104472   -0.979139   -0.830322   -0.835258   -1.072581   -0.881914   -1.004555   -0.602594
  251.000000    3.438703    2.282361    1.673015    2.712385    2.437189    2.406193    1.776057    3.149539    2.263753
  252.000000   -0.780007    0.533681    0.531606   -0.323509   -0.586085   -0.592944   -0.138574   -0.853473   -0.380808
  253.000000   -3.850658   -3.208790   -1.479063   -3.438622   -2.621308   -2.511967   -1.257828   -2.627594   -3.174085
  254.000000    1.913461    2.451686    2.277139    1.604717    1.690147    1.603805    1.759518    1.782527    1.679077
  255.000000   -3.590488   -1.691666    0.447675   -2.807426   -1.949279   -2.185796   -0.697102   -2.378874   -2.310907
  256.000000   -0.984766   -1.674045   -1.656227   -0.772653   -0.649824   -0.577363   -1.069913   -0.879216   -1.109086
  257.000000   -1.988238   -0.244154    1.927410   -0.938366   -0.270937   -0.201017    1.005464   -0.741047   -0.741872
  258.000000   -0.565103    0.504822    0.074573   -0.293655   -0.122703   -0.349800   -0.168548    0.178980   -0.389966
  259.000000    0.948250    1.015644    0.555993    1.074849    0.555812    0.626745    0.314731    0.772714    0.978642
  260.000000    1.670866    0.915309    1.793390    0.954260    1.071064    1.247583    1.334287    1.057408    1.132189
  261.000000    2.918966    1.501873    0.818884    2.690857    2.426455    2.540197    1.620320    2.651191    1.731445
  262.000000    0.707221    0.133023   -1.307386    0.769262    0.329934    0.142180   -0.554790    0.864979    0.125398
  263.000000    0.688738    0.689653    0.322392    0.541028    0.436738    0.447235    0.592994    0.553415    0.774197
  264.000000   -0.379451   -0.193393   -0.536657   -0.035099    0.315769   -0.094155    0.169989    0.415034   -0.241368
  265.000000   -2.870179   -1.745467    0.006221   -1.797674   -1.421905   -1.398648   -0.647714   -2.036595   -1.752290
  266.000000    0.445377    1.113436    1.295627    0.639613    0.426528    0.745910    0.834705    0.688952   -0.051804
  267.000000   -0.960573   -0.691045    0.737358   -0.638041   -0.616151   -0.348786    0.170307   -0.655967   -0.277169
  268.000000   -0.037760   -0.107213   -0.765668   -0.522348   -0.444926   -0.625752   -0.369406   -0.069185   -0.179641
  269.000000   -0.649090    0.717595    1.751573   -0.090280    0.068238   -0.189898    0.577730   -0.266137    0.203396
  270.000000    1.447902    2.221602    2.428649    1.674370    1.581507    1.417092    1.606050    1.358261    1.669419
  271.000000    1.043275    1.465764    1.432911    0.942753    0.769007    0.985589    0.976795    1.063833    0.803098
  272.000000   -0.918927   -0.946017   -1.114751   -0.522092   -0.364636   -0.546912   -0.853783   -0.400933   -0.651263
  273.000000   -0.475189   -0.366357   -1.038030   -0.399943   -0.511755   -0.236698   -0.578166   -0.267111   -0.834791
  274.000000   -1.580153   -0.585545   -0.415708   -1.319791   -0.956817   -1.415120   -0.705437   -0.761773   -1.148629
  275.000000   -2.327225   -1.963765   -2.346940   -1.975919   -1.427588   -1.573376   -1.690207   -1.730305   -2.169729
  276.000000   -0.772796   -0.784693   -1.270205   -0.193078   -0.584403   -0.257345   -0.840420   -0.405857   -0.236310
  277.000000   -1.444213   -1.789445   -0.842716   -2.003083   -1.046695   -0.798540   -0.598256   -1.304320   -1.780339
  278.000000   -2.036397   -0.855276    1.630680   -1.231020   -0.474961   -0.464083    0.887048   -0.810760   -1.202978
  279.000000    4.923605    4.427709    2.444396    4.294832    3.165168    3.570119    2.611435    3.372217    4.236984
  280.000000   -1.410153   -1.485512    1.526575   -1.539142   -0.664210   -0.812693    0.254720   -0.724216   -1.255718
  281.000000   -0.744729   -0.612888   -0.631501   -0.803414   -0.751395   -0.834566   -0.904844   -0.971553   -0.640339
  282.000000    2.441648    0.311458   -0.295869    1.560397    1.452315    1.486011    0.215726    1.772360    1.140284
  283.000000    0.943583    0.050936   -1.312849    0.422853   -0.042243    0.062119   -0.693811    0.253121    0.362727
  284.000000   -0.195721   -1.035691   -2.106731   -0.647000   -0.437581   -0.291330   -1.262952   -0.497189   -0.839878
  285.000000    2.207108    1.598800    0.841899    1.991960    1.870811    1.762137    1.149459    2.128682    1.428051
  286.000000    0.525063   -0.423267   -1.033065   -0.146079   -0.178318   -0.246080   -0.270443   -0.223292   -0.241487
  287.000000    1.753328    0.896049   -0.909590    0.907024    0.990886    0.830917   -0.024754    1.343977    0.988582
  288.000000    0.090470    0.337836   -0.478013    0.238737    0.250158   -0.004857   -0.272793    0.354254    0.294305
  289.000000   -1.453253   -0.888460   -0.641676   -1.254931   -1.075475   -1.471838   -0.791969   -0.993936   -0.927890
  290.000000   -1.403332   -1.513195   -1.295433   -1.360700   -0.970883   -1.391894   -1.006794   -0.885236   -1.483418
  291.000000   -1.011371   -1.377524   -2.864819   -1.399322   -1.768699   -1.686514   -2.171856   -1.898655   -1.345889
  292.000000    1.246962    1.750260    1.816215    1.297391    0.730959    1.185458    0.620098    0.162020    1.551790
  293.000000   -0.644276    0.111767    0.312420   -0.949580   -1.115815   -0.910577   -0.169373   -0.940002   -0.255655
  294.000000   -0.284001    0.757710   -0.366859   -0.411870   -0.640884   -0.785543   -0.592264   -0.474440   -0.133586
  295.000000    2.088582    1.103516    0.764551    1.552818    1.671662    1.603756    1.302158    1.566492    1.500236
  296.000000   -0.140857    0.203975   -1.401957    0.098272   -0.106743   -0.294084   -0.908452    0.096558   -0.258637
  297.000000   -0.132027   -0.519845   -0.372221   -0.216947    0.321917    0.020254   -0.047405    0.818507   -0.156110
  298.000000    0.391302    1.315344    0.453584    0.515983    0.459971    0.287059   -0.051124    0.474108    0.676958
  299.000000    1.980478    0.674262   -2.503385    1.147046    0.175627    0.008283   -1.172865    0.301643    0.907431
  300.000000   -0.997869   -0.802205    0.098194   -0.966941   -0.676559   -0.848314   -0.418630   -0.902796   -0.583762
  301.000000    2.787215    1.541250    1.223983    1.895492    1.727897    2.092151    1.244735    2.196863    1.809688
  302.000000    3.898282    2.598104    0.579117    2.934207    2.628189    2.642627    1.031124    2.794639    2.474207
  303.000000    1.361390    0.674935   -0.373301    1.127508    0.767671    1.073405    0.291432    0.741647    0.931541
  304.000000   -2.576920   -0.727297    0.523618   -1.493302   -0.919530   -1.088799   -0.013991   -1.353736   -1.023063
  305.000000   -0.128708    0.096767    0.703458    0.017377    0.541243    0.220843    0.740738    0.597605   -0.314426
  306.000000   -0.880853    0.131870   -0.083590   -0.545014   -0.426032   -0.561891   -0.621184   -0.796692   -0.744732
  307.000000    2.373889    2.007316    0.891121    2.067121    1.831831    1.978362    1.506945    2.014740    1.710326
  308.000000    0.961578    0.180715   -1.278616    0.353478   -0.180251   -0.371910   -0.618299   -0.151484    0.177911
  309.000000   -3.477419   -2.612489   -2.478119   -2.590978   -2.700240   -2.856749   -2.503912   -3.112026   -2.810015
  310.000000    1.787682    1.169879    0.101518    1.239239    0.786886    1.034187    0.526448    1.133225    0.899715
  311.000000    1.174491    0.182878   -0.634624    0.974030    0.225580    0.314384   -0.172592    0.736784    0.460573
  312.000000    2.505068    1.673175   -0.130268    2.035764    1.295158    1.070957    0.491867    1.755900    1.610436
  313.000000    0.749062    1.046900    1.938990    0.682270    1.082103    1.165209    1.556620    0.867371    0.761339
  314.000000    0.619063   -0.204162   -0.134519    0.243978   -0.018660    0.341680    0.181799   -0.024857    0.255018
  315.000000    0.087871   -0.326727   -1.266225    0.368887    0.275626    0.055175   -0.217582    0.608470   -0.164392
  316.000000   -0.572788   -1.057610   -0.362873   -0.596007   -0.445050   -0.586442   -0.380514   -0.527209   -0.465447
  317.000000    1.325816    0.626606    0.041191    1.011129    0.783093    1.256982    0.776982    0.922426    0.687364
  318.000000    3.439065    3.513719    4.656038    3.292650    3.365682    3.956692    3.695276    3.429784    3.198745
  319.000000   -0.316707   -0.991416   -3.700090   -0.448783   -1.733582   -1.431354   -2.225463   -1.660288   -0.470511
  320.000000   -1.729158   -1.945057   -0.498729   -1.587350   -0.763094   -0.934508   -0.421444   -1.117810   -1.527229
  321.000000   -2.078955   -1.733125   -1.318982   -1.593748   -1.770372   -1.879091   -1.636285   -1.997117   -1.289442
  322.000000   -0.747933   -1.107934   -2.795423   -1.309212   -1.822456   -1.961664   -2.233473   -1.848150   -1.420601
  323.000000   -3.944723   -2.649231   -1.504017   -2.978401   -2.403397   -2.749564   -1.657615   -2.752090   -2.975100
  324.000000    3.440402    2.219311    0.273430    2.729417    2.090289    2.207344    0.988163    2.363707    2.008276
  325.000000   -2.036037   -2.412788   -3.021698   -2.326890   -2.218946   -2.246099   -2.030977   -2.414041   -2.525403
  326.000000   -2.475586   -1.499191    0.287332   -1.148784   -0.538295   -1.065711    0.114338   -0.601683   -1.038780
  327.000000    1.020070    0.143817   -0.315357    0.372048    0.546516    0.514286    0.074327    0.622978    0.367258
  328.000000   -2.489430   -2.126968   -1.535041   -2.331853   -2.010967   -2.107080   -1.441513   -2.152532   -2.097478
  329.000000   -0.554561   -1.134596   -2.909432   -0.698366   -0.857356   -1.096187   -1.931178   -0.851503   -1.209704
  330.000000   -0.701159   -0.080319    1.027070   -0.358523   -0.222127   -0.312746    0.276153   -0.495588   -0.374588
  331.000000    2.534410    1.835656    1.883658    2.508723    2.236489    2.705547    1.566762    2.493996    2.066736
  332.000000    0.102034    0.206115    0.086711    0.119829    0.161219    0.010890    0.180109    0.162087   -0.203865
  333.000000    0.147278    0.765596    2.102397    0.236609    0.360294    0.414662    0.877458    0.250465    0.830183
  334.000000   -0.830691   -0.810466   -0.800567   -0.678390   -0.355162   -0.432918   -0.373173   -0.406886   -0.810376
  335.000000   -0.699742   -0.793394    0.533434   -0.472763    0.137943    0.280534    0.611683   -0.188444   -0.147538
  336.000000    1.675592    1.260427    2.149590    1.197298    1.400990    1.519827    1.667857    1.195891    1.284300
  337.000000   -1.551936   -1.482899   -1.005468   -1.425850   -1.047371   -1.268798   -1.223874   -1.239821   -1.345214
  338.000000   -1.705000   -1.215149    0.822796   -0.907296   -0.388338   -0.510073    0.152546   -0.678789   -1.024422
  339.000000   -0.293792    0.699539    1.026732   -0.008335   -0.269505   -0.002936    0.168756   -0.460677   -0.195781
  340.000000    1.113070    0.786041    1.396016    0.853963    0.554079    1.086937    0.781943    0.617471    0.917090
  341.000000   -1.454475   -0.983642   -1.351808   -0.575312   -0.673238   -0.973621   -0.974916   -0.362379   -1.095517
  342.000000   -0.408567   -0.899374   -1.680795   -0.806009   -0.822601   -0.966323   -1.002257   -0.928489   -0.848328
  343.000000   -2.013295   -1.039303   -0.663245   -1.107636   -1.611506   -1.392368   -1.269466   -2.272851   -0.796180
  344.000000    0.859159    0.423081   -0.106445    0.666474    0.584170    0.655085    0.000328    0.816099    0.752965
  345.000000    0.969959    0.555510    0.673175    0.639254    0.701811    0.936383    0.718774    0.842178    0.410200
  346.000000    2.132821    1.624217    1.390448    1.805057    1.267910    1.411808    1.163851    1.571510    2.012808
  347.000000    0.404629    0.250036   -2.188350    0.414821   -0.676120   -0.651956   -1.590023   -0.831194    0.172869
  348.000000   -0.521741   -0.210409   -0.728967   -0.852139   -0.943715   -0.998264   -0.841871   -0.826568   -0.742746
  349.000000   -0.093636    0.406217    1.393608   -0.280265   -0.102970   -0.095853    0.586483    0.039968   -0.091798
  350.000000    2.769180    2.246074    0.231719    2.768935    1.597908    2.118676    0.830405    2.108510    2.084050
  351.000000   -0.242870    0.792187    1.531589   -0.258236   -0.073882   -0.149847    0.412810   -0.236123    0.474350
  352.000000    1.149208   -0.062156   -1.892968    0.686124   -0.227067   -0.277986   -1.136509    0.018641    0.697714
  353.000000   -1.610183   -1.861618   -1.413552   -0.956287   -0.721457   -1.094288   -1.085288   -0.478054   -1.438913
  354.000000   -1.255584   -0.326821    0.857945   -0.918459   -0.666155   -0.689976   -0.038220   -0.593396   -0.832046
  355.000000    3.063864    2.125090    0.213654    2.759425    2.155762    2.196774    0.957767    2.593089    1.950072
  356.000000   -1.377388   -1.335800   -1.148090   -1.539172   -0.980777   -1.502918   -0.892490   -1.093874   -1.388684
  357.000000    2.471164    2.073957    2.038864    1.576000    1.315052    1.726665    1.373326    1.580740    1.833864
  358.000000   -0.873527   -2.387673   -2.653506   -1.608666   -1.341188   -1.645252   -1.240831   -1.475328   -1.449001
  359.000000    0.517220    0.385440   -0.345366    0.680068    0.288550    0.020932   -0.127203    0.349482    0.284529
  360.000000    0.147642    0.245234    1.133696    0.325165    0.473993    0.622427    1.221501    0.633276    0.208153
  361.000000    1.364706    1.125657    1.114268    0.891819    0.997701    1.236686    1.196255    1.245468    1.270349
  362.000000   -2.855536   -1.389162    0.290220   -2.723542   -2.124610   -1.808655   -0.685721   -2.417729   -1.791696
  363.000000    1.205806    0.977368    0.386831    1.265898    1.076478    1.089550    0.801356    0.961140    1.348873
  364.000000    0.118762    0.510229    3.116880    0.277297    1.256344    0.961682    1.921036    0.861583    0.530827
  365.000000    2.192921    2.255384    0.790847    1.778377    1.238761    1.369231    0.810173    1.245455    1.553950
  366.000000    4.324598    3.689400    2.680631    3.692544    3.045299    3.524546    2.671108    3.032049    3.327003
  367.000000    0.653713    0.348839   -0.197354   -0.185329   -0.059292   -0.136651    0.053268   -0.103337    0.067166
  368.000000   -1.769293   -1.273534   -1.322563   -1.356540   -1.443101   -1.569011   -1.439544   -1.719394   -1.505651
  369.000000   -0.172336   -0.482772    0.004748   -0.774479   -0.634493   -0.835993   -0.369335   -0.860428   -0.590989
