0.3827
0.3877
0.3927
0.3977
0.4027
0.4077
0.4127
0.4177
0.4227
0.4277
0.4328
0.4378
0.4428
0.4478
0.4528
0.4578
0.4628
0.4678
0.4728
0.4778
0.4829
0.4879
0.4929
0.4979
0.5029
0.5079
0.5129
0.5179
0.5229
0.5279
0.5329
0.538
0.543
0.548
0.553
0.558
0.563
0.568
0.573
0.578
0.5831
0.5881
0.5931
0.5981
0.6031
0.6081
0.6131
0.6181
0.6231
0.6281
0.6331
0.6381
0.6432
0.6482
0.6532
0.6582
0.6632
0.6682
0.6732
0.6782
0.6832
0.6883
0.6933
0.6983
0.7033
0.7083
0.7133
0.7183
0.7233
0.7283
0.7333
0.7383
0.7434
0.7484
0.7534
0.7584
0.7634
0.7684
0.7734
0.7784
0.7834
0.7884
0.7934
0.7985
0.8035
0.8085
0.8135
0.8185
0.8235
0.8285
0.8335
0.8385
0.8435
0.8486
0.8536
0.8586
0.8636
0.8686
0.8736
0.8786
0.8836
0.8886
0.8936
0.8986
0.9037
0.9087
0.9137
0.9187
0.9237
0.9287
0.9337
0.9387
0.9437
0.9487
0.9538
0.9588
0.9638
0.9688
0.9738
0.9788
0.9838
0.9888
0.9938
0.9988
1.0038
1.0089
1.0139
1.0189
1.0239
1.0289
1.0339
1.0389
1.0439
1.0489
1.0539
1.0589
1.064
1.069
1.074
1.079
1.084
1.089
1.094
1.099
1.104
1.1091
1.1141
1.1191
1.1241
1.1291
1.1341
1.1391
1.1441
1.1491
1.1541
1.1591
1.1642
1.1692
1.1742
1.1792
1.1842
1.1892
1.1942
1.1992
1.2042
1.2092
1.2142
1.2193
1.2243
1.2293
1.2343
1.2393
1.2443
1.2493
1.2543
1.2593
1.2643
1.2694
1.2744
1.2794
1.2844
1.2894
1.2944
1.2994
1.3044
1.3094
1.3144
1.3195
1.3245
1.3295
1.3345
1.3395
1.3445
1.3495
1.3545
1.3595
1.3645
1.3695
1.3745
1.3796
1.3846
1.3896
1.3946
1.3996
1.4046
1.4096
1.4146
1.4196
1.4246
1.4296
1.4347
1.4397
1.4447
1.4497
1.4547
1.4597
1.4647
1.4697
1.4747
1.4798
1.4848
1.4898
1.4948
1.4998
1.5048
1.5098
1.5148
1.5198
1.5248
1.5298
1.5349
1.5399
1.5449
1.5499
1.5549
1.5599
1.5649
1.5699
1.5749
1.5799
1.5849
1.59
1.595
1.6
1.605
1.61
1.615
1.62
1.625
1.63
1.635
1.6401
1.6451
1.6501
1.6551
1.6601
1.6651
1.6701
1.6751
1.6801
1.6851
1.6902
1.6952
1.7002
1.7052
1.7102
1.7152
1.7202
1.7252
1.7302
1.7352
1.7402
1.7452
1.7503
1.7553
1.7603
1.7653
1.7703
1.7753
1.7803
1.7853
1.7903
1.7953
1.8004
1.8054
1.8104
1.8154
1.8204
1.8254
1.8304
1.8354
1.8404
1.8454
1.8505
1.8555
1.8605
1.8655
1.8705
1.8755
1.8805
1.8855
1.8905
1.8955
1.9006
1.9056
1.9106
1.9156
1.9206
1.9256
1.9306
1.9356
1.9406
1.9456
1.9506
1.9556
1.9607
1.9657
1.9707
1.9757
1.9807
1.9857
1.9907
1.9957
2.0007
2.0057
2.0108
2.0158
2.0208
2.0258
2.0308
2.0358
2.0408
2.0458
2.0508
2.0558
2.0608
2.0659
2.0709
2.0759
2.0809
2.0859
2.0909
2.0959
2.1009
2.1059
2.1109
2.116
2.121
2.126
2.131
2.136
2.141
2.146
2.151
2.156
2.161
2.166
2.1711
2.1761
2.1811
2.1861
2.1911
2.1961
2.2011
2.2061
2.2111
2.2162
2.2212
2.2262
2.2312
2.2362
2.2412
2.2462
2.2512
2.2562
2.2612
2.2662
2.2713
2.2763
2.2813
2.2863
2.2913
2.2963
2.3013
2.3063
2.3113
2.3163
2.3214
2.3264
2.3314
2.3364
2.3414
2.3464
2.3514
2.3564
2.3614
2.3664
2.3714
2.3765
2.3815
2.3865
2.3915
2.3965
2.4015
2.4065
2.4115
2.4165
2.4215
2.4265
2.4316
2.4366
2.4416
2.4466
2.4516
2.4566
2.4616
2.4666
2.4716
2.4766
2.4817
2.4867
2.4917
2.4967
2.5017
2.5067
2.5117
